2 2 2 2 2 2 2 2 2 2 2 2 2 2 2 2 2 2 2 2 2 2 2 2 2 2 2 2 2 2 2 2 2 2 2 2 2 2 2 2 2 2 2 2 2 2 2 2 2 2 2 2 2 2 2 2 2 2 2 2 2 2 2 2 2 2
2 2 2 2 2 2 2 2 2 2 8 8 2 2 2 2 2 2 2 2 8 8 2 2 2 2 2 2 2 2 8 8 2 2 2 2 2 2 2 2 8 8 2 2 2 2 2 2 2 2 8 8 8 8 8 2 2 2 2 2 2 2 2 2 2 2
2 2 1 1 1 1 1 1 1 1 8 8 1 1 1 1 1 1 1 1 8 8 1 1 1 1 1 1 1 1 1 1 1 1 1 1 1 1 1 1 8 8 1 1 1 1 1 1 1 1 1 1 1 8 8 1 1 1 1 1 1 1 1 1 2 2
2 2 1 1 1 1 1 1 1 1 8 8 1 1 1 1 1 1 1 1 8 8 1 1 1 1 1 1 1 1 8 8 1 1 1 3 1 1 1 1 8 8 1 1 1 1 1 1 1 1 1 6 1 8 8 1 1 1 1 1 1 1 1 1 2 2
2 2 1 1 1 1 1 1 1 1 8 8 1 1 1 1 1 1 1 1 8 8 1 1 1 1 1 3 3 1 8 8 1 1 1 1 1 1 3 1 8 8 1 1 1 1 1 1 4 3 8 8 1 8 8 1 1 1 1 1 1 1 1 1 2 2
2 2 1 1 1 1 1 1 1 1 8 8 1 1 1 1 1 1 1 1 8 8 1 1 6 1 1 1 1 1 8 8 1 1 3 1 1 3 1 1 8 8 1 1 1 1 1 1 5 1 8 8 1 8 8 1 1 1 1 1 1 1 1 1 2 2
2 2 1 1 1 1 1 1 1 1 8 8 1 1 1 1 1 1 1 1 8 8 1 1 7 1 1 1 1 1 8 8 3 1 1 1 1 1 1 1 8 8 1 1 1 1 1 1 1 1 8 8 1 8 8 1 1 1 1 1 1 1 1 1 2 2
2 2 1 1 1 1 1 1 1 1 1 1 1 1 1 1 1 1 1 1 8 8 1 1 3 3 1 1 1 1 8 8 1 1 1 3 1 1 1 3 8 8 1 1 1 1 1 1 1 1 8 8 1 8 8 1 1 1 1 1 1 1 1 1 2 2
2 2 1 1 1 1 1 1 1 1 1 1 1 1 1 1 1 1 1 1 8 8 1 1 1 1 1 1 1 1 8 8 1 3 1 1 1 3 1 1 8 8 3 3 4 1 1 1 1 1 8 8 1 8 8 1 1 1 1 1 1 1 1 1 2 2
2 2 1 1 1 1 1 1 1 1 1 1 1 1 1 1 1 1 1 1 8 8 1 1 1 1 1 1 1 3 8 8 1 1 1 3 1 1 1 3 8 8 1 1 5 1 1 1 1 1 8 8 1 8 8 1 1 1 1 1 1 1 1 1 2 2
2 2 1 1 4 3 3 4 1 1 8 8 3 3 3 3 3 4 1 1 8 8 1 1 1 1 1 1 1 5 8 8 1 1 3 1 1 3 1 1 8 8 1 1 1 1 1 1 1 1 8 8 1 8 8 1 1 1 1 1 1 1 1 1 2 2
2 2 1 1 5 1 1 5 1 1 8 8 1 1 1 1 1 5 1 1 8 8 1 1 1 1 1 1 1 1 8 8 3 1 1 1 3 1 1 1 8 8 1 1 1 1 1 1 1 1 8 8 1 8 8 1 1 1 1 1 1 1 1 1 2 2
2 2 1 1 1 1 1 1 1 1 8 8 1 1 1 1 1 1 1 1 8 8 1 1 1 1 1 1 1 3 8 8 1 1 3 1 1 3 1 3 8 8 1 1 1 1 1 1 1 1 8 8 1 8 8 1 1 1 1 1 1 1 1 1 2 2
2 2 1 1 1 1 1 1 1 1 8 8 1 1 1 1 1 1 1 1 8 8 1 1 1 1 1 1 1 5 8 8 1 3 1 3 1 1 1 1 8 8 3 3 4 1 1 1 1 1 8 8 1 8 8 1 1 1 1 1 1 1 1 1 2 2
2 2 1 1 4 3 3 4 1 1 8 8 1 1 4 3 3 3 3 3 8 8 1 1 1 1 1 1 1 1 8 8 1 1 1 1 1 3 1 1 8 8 1 1 5 1 1 1 1 1 8 8 1 8 8 1 1 1 1 1 1 1 1 1 2 2
2 2 1 1 5 1 1 5 1 1 8 8 1 1 5 1 1 1 1 1 8 8 1 1 1 1 1 1 1 3 8 8 1 1 1 3 1 1 1 1 1 1 1 1 1 1 1 4 3 3 8 8 1 8 8 1 1 1 1 1 1 1 1 1 2 2
2 2 6 1 1 1 1 1 1 6 8 8 1 1 1 1 1 1 1 1 1 1 1 1 1 1 1 1 1 5 8 8 1 3 1 1 3 1 3 1 1 1 1 1 1 1 1 5 1 1 8 8 1 8 8 1 1 1 1 1 1 1 1 1 2 2
2 2 7 1 1 1 1 1 1 7 8 8 1 1 1 1 1 1 1 1 1 1 1 1 1 1 1 1 1 1 8 8 1 1 1 1 1 1 1 1 8 8 1 1 1 1 1 1 1 1 8 8 9 8 8 1 1 1 1 1 1 1 1 1 2 2
2 2 2 2 2 2 2 2 2 2 8 8 2 2 2 2 2 2 2 2 8 8 2 2 2 2 2 2 2 2 8 8 2 2 2 2 2 2 2 2 8 8 2 2 2 2 2 2 2 2 8 8 3 8 8 2 2 2 2 2 2 2 2 2 2 2
2 2 2 2 2 2 2 2 2 2 2 2 2 2 2 2 2 2 2 2 2 2 2 2 2 2 2 2 2 2 2 2 2 2 2 2 2 2 2 2 2 2 2 2 2 2 2 2 2 2 8 8 8 8 8 2 2 2 2 2 2 2 2 2 2 2